list(N=1.06000E+02, T=3.00000E+00, Y= structure(.Data= c(4.99700E+00, 7.44366E+00,     NA, 8.02800E+00, 7.82804E+00, 4.64439E+00,     NA, 9.04239E+00, 4.51086E+00, 6.83000E+00, 6.64769E+00, 2.99573E+00, 4.90500E+00, 7.11151E+00, 4.39445E+00, 6.29500E+00, 8.45212E+00, 3.55535E+00, 3.95124E+00, 6.85118E+00, 3.29584E+00, 4.35671E+00, 7.01481E+00, 8.23510E+00,     NA, 7.91425E+00, 7.81116E+00, 6.79794E+00, 6.16961E+00, 7.54856E+00, 5.27300E+00, 6.00881E+00, 6.12905E+00, 4.31749E+00, 7.72886E+00, 6.19848E+00, 4.71850E+00, 9.75214E+00, 4.81218E+00, 3.49651E+00, 9.59703E+00, 8.44247E+00, 4.29046E+00, 9.31434E+00, 3.55535E+00, 5.78996E+00, 8.26359E+00, 2.94444E+00, 3.68888E+00,     NA, 6.88755E+00, 3.43399E+00, 6.35957E+00, 5.07517E+00, 6.13123E+00, 5.84644E+00,     NA, 3.85015E+00,     NA, 7.29234E+00,     NA, 2.30259E+00, 7.25418E+00, 6.76273E+00, 0.00000E+00,     NA, 3.29584E+00, 2.30259E+00, 6.38856E+00,     NA, 8.29355E+00, 6.21461E+00, 6.14847E+00, 7.60589E+00, 5.03044E+00, 5.25750E+00, 1.01018E+01, 8.75998E+00, 5.37528E+00, 8.90082E+00, 7.19594E+00, 1.07580E+01, 6.25958E+00,     NA, 1.04926E+01, 7.06561E+00, 6.08677E+00,     NA, 8.87905E+00, 4.66344E+00, 5.63121E+00, 8.88392E+00, 2.39790E+00, 4.20469E+00,     NA, 4.02535E+00, 3.49651E+00, 1.15129E+01, 3.78419E+00, 3.46574E+00, 8.54286E+00, 2.94444E+00, 1.79176E+00, 8.97576E+00, 4.38203E+00, 2.77259E+00, 8.79619E+00, 2.48491E+00, 7.92480E+00, 7.86096E+00,     NA, 7.54750E+00, 7.08757E+00, 6.85541E+00, 6.40688E+00, 8.40156E+00, 6.08222E+00, 9.16115E+00, 6.91075E+00, 5.45959E+00, 8.34236E+00, 7.22257E+00, 8.17920E+00, 7.94839E+00, 8.89371E+00, 6.04501E+00, 8.74257E+00, 7.59589E+00,     NA, 7.07581E+00,     NA, 4.24850E+00, 6.39192E+00, 7.18007E+00, 3.52636E+00, 5.91080E+00, 7.03174E+00, 3.58352E+00, 5.11199E+00, 2.07944E+00, 8.98344E+00, 5.37990E+00, 4.82028E+00, 9.69990E+00, 6.54679E+00, 2.99573E+00, 8.74098E+00, 4.93447E+00, 2.70805E+00, 8.47220E+00, 5.86930E+00, 5.77765E+00, 7.76004E+00, 2.94444E+00, 3.91202E+00,     NA, 3.17805E+00, 3.61092E+00, 9.48021E+00,     NA, 6.47080E+00, 7.78114E+00, 7.05272E+00, 5.45104E+00,     NA, 6.25383E+00,     NA, 6.14633E+00, 5.34233E+00, 4.40672E+00, 6.28972E+00, 0.00000E+00, 5.12990E+00, 5.87493E+00, 7.19068E+00, 3.85015E+00, 9.93542E+00,     NA, 8.17414E+00, 9.39806E+00, 9.13906E+00, 7.88420E+00, 9.17295E+00, 7.82724E+00, 7.22766E+00, 4.27667E+00,     NA, 2.30259E+00, 5.34711E+00, 8.48260E+00, 2.30259E+00, 3.46574E+00, 7.51698E+00, 0.00000E+00, 5.36598E+00, 4.45435E+00, 9.77104E+00, 5.88888E+00, 7.11964E+00, 9.32892E+00, 3.36730E+00, 5.83481E+00, 9.61767E+00, 4.60517E+00, 6.54247E+00, 6.95081E+00, 5.29832E+00, 7.64300E+00, 1.05472E+01, 3.58352E+00, 6.35611E+00, 8.66906E+00, 3.21888E+00, 6.89366E+00, 5.97635E+00, 4.27667E+00, 9.42295E+00, 5.71043E+00, 7.63868E+00, 8.57073E+00, 5.24175E+00, 6.81783E+00, 8.79027E+00, 5.88053E+00, 3.46574E+00, 8.25531E+00, 6.50129E+00,     NA, 7.16395E+00, 5.48480E+00, 6.58479E+00, 7.46279E+00, 5.73979E+00, 7.21524E+00, 4.82028E+00, 5.53339E+00, 5.90808E+00, 3.40120E+00, 4.04305E+00, 5.91889E+00, 3.66356E+00, 5.75574E+00, 5.68358E+00, 6.54679E+00, 4.99043E+00, 5.81711E+00, 5.95584E+00,     NA, 8.67642E+00, 4.99721E+00, 5.15329E+00, 7.72179E+00, 8.67471E+00, 3.61092E+00, 6.19032E+00, 7.32383E+00,     NA, 2.48491E+00, 8.03041E+00, 8.11761E+00, 1.38629E+00, 7.86327E+00, 7.34730E+00, 2.56495E+00, 7.63385E+00, 6.55251E+00, 6.73934E+00, 7.16007E+00, 8.54636E+00, 6.73221E+00, 4.67283E+00, 8.03139E+00, 4.51086E+00, 3.36730E+00, 7.35116E+00, 3.91202E+00, 3.17805E+00, 7.58172E+00, 5.49717E+00, 7.41878E+00, 6.92264E+00, 4.39445E+00, 6.76157E+00, 6.52503E+00, 4.56435E+00,     NA, 6.90375E+00, 2.83321E+00, 6.84588E+00, 6.72022E+00,     NA, 8.38845E+00, 5.74939E+00, 9.15926E+00, 6.31536E+00, 4.66344E+00, 8.58073E+00, 5.46383E+00, 3.43399E+00,     NA, 9.92192E+00, 3.09104E+00, 7.07327E+00,     NA, 7.47986E+00, 7.12609E+00, 3.43399E+00, 6.19236E+00, 5.01064E+00, 1.60944E+00,     NA, 9.08636E+00, 2.77259E+00, 3.61092E+00, 7.93595E+00, 7.75534E+00, 3.78419E+00,     NA), .Dim=c(106, 3)),