list(demande=c(1.51200E+04, 2.76780E+04, 2.20510E+04, 2.18250E+04, 2.41780E+04, 2.02350E+04, 2.07150E+04, 2.13880E+04, 3.29450E+04, 2.89690E+04, 2.31120E+04, 2.00350E+04, 1.82720E+04, 2.64130E+04, 2.10460E+04, 2.35250E+04, 2.25110E+04, 1.97010E+04, 2.34220E+04, 1.99310E+04, 3.14110E+04, 2.83650E+04, 2.49190E+04, 1.82980E+04, 2.86930E+04, 2.74500E+04, 2.42300E+04, 3.10410E+04, 3.31560E+04, 2.44250E+04, 2.69630E+04, 2.56700E+04, 3.37190E+04, 3.35870E+04, 2.66600E+04, 1.92330E+04, 4.33930E+04, 3.03960E+04, 2.74130E+04, 3.06300E+04, 2.82750E+04, 2.46590E+04, 2.72870E+04, 2.50230E+04, 3.33710E+04, 3.37290E+04, 2.17400E+04, 2.16660E+04, 3.35380E+04, 2.27160E+04, 3.07850E+04, 2.89520E+04, 2.80290E+04, 2.66360E+04, 3.34620E+04, 2.93070E+04, 3.57730E+04, 2.57590E+04, 6.69600E+03, 3.49280E+04, 3.58410E+04, 2.83640E+04, 3.29550E+04, 3.52380E+04, 3.16550E+04, 3.02840E+04, 3.37870E+04, 2.80660E+04, 4.18750E+04, 3.46200E+04, 2.25950E+04, 3.74820E+04, 3.74030E+04, 3.53190E+04, 4.22540E+04, 3.98640E+04, 3.78820E+04, 3.45430E+04, 4.08620E+04, 3.17330E+04, 4.41140E+04, 3.82680E+04, 3.63250E+04, 3.67870E+04, 3.33700E+04, 4.39510E+04, 4.46650E+04, 3.69780E+04, 3.84840E+04, 3.95030E+04, 3.75800E+04, 3.98850E+04, 3.82860E+04, 3.93990E+04, 4.29010E+04, 4.04070E+04, 3.72430E+04, 4.48150E+04, 4.16690E+04, 3.77030E+04, 5.80720E+04, 3.58630E+04, 4.11360E+04, 4.36270E+04, 5.21510E+04, 3.38040E+04, 4.69820E+04, 3.39610E+04, 4.66560E+04, 4.62370E+04, 3.92800E+04, 4.05850E+04, 3.92510E+04, 3.58940E+04, 4.24350E+04, 4.11570E+04, 6.34730E+04, 4.83370E+04, 4.58630E+04, 3.29150E+04, 5.21790E+04, 4.58700E+04, 3.71510E+04, 4.27440E+04, 4.18940E+04, 4.06530E+04, 4.22680E+04, 4.60010E+04, 4.23770E+04, 8.61750E+04, 4.52640E+04, 3.77820E+04, 5.94750E+04, 4.36280E+04, 3.40140E+04, 4.29570E+04, 4.09130E+04, 3.99610E+04, 4.76980E+04, 5.04930E+04, 4.55040E+04, 6.92410E+04, 3.65030E+04, 4.34920E+04, 5.43550E+04, 4.90740E+04, 5.14790E+04, 4.88980E+04, 4.39490E+04, 4.04480E+04, 4.78880E+04, 4.44900E+04, 6.53150E+04, 6.23630E+04, 4.27530E+04, 5.33150E+04, 7.43900E+04, 7.31600E+04, 1.25205E+05, 7.50620E+04, 6.70480E+04, 5.49680E+04, 3.12390E+04, 4.70590E+04, 7.74130E+04, 5.58930E+04, 4.67060E+04, 5.66320E+04, 6.34160E+04, 4.73610E+04, 1.02350E+05, 7.29840E+04, 6.51230E+04, 4.41300E+04, 5.71220E+04, 9.68590E+04, 8.70520E+04, 6.67100E+04, 9.22790E+04, 6.93580E+04, 6.79370E+04, 5.23400E+04, 7.23720E+04, 6.07580E+04, 5.87210E+04, 4.72320E+04, 4.75690E+04, 5.23190E+04, 8.26830E+04, 6.31780E+04, 7.33390E+04, 5.74850E+04, 7.02310E+04, 5.94430E+04, 6.39290E+04, 5.46670E+04, 5.13790E+04, 4.25320E+04, 3.66600E+04, 5.92650E+04, 7.56100E+04, 6.44130E+04, 5.41150E+04, 5.97250E+04, 7.14110E+04, 5.74170E+04, 5.44910E+04, 6.24690E+04, 3.94770E+04, 4.20330E+04, 5.25430E+04, 6.48160E+04, 6.58180E+04, 7.42220E+04, 5.85160E+04, 5.84630E+04, 9.36280E+04, 7.14990E+04, 6.14360E+04, 7.13820E+04, 4.66710E+04, 3.28960E+04, 4.92260E+04, 6.35530E+04, 8.48810E+04, 9.16860E+04, 6.02390E+04, 6.28300E+04, 7.00400E+04, 5.60770E+04, 8.18110E+04, 4.80080E+04, 4.09210E+04, 3.56340E+04, 5.18330E+04, 4.57120E+04, 6.55610E+04, 6.46860E+04, 5.25020E+04, 4.47580E+04), offre=c(5.93600E+03, 7.86600E+03, 7.12800E+03, 7.23400E+03, 7.74700E+03, 7.83800E+03, 5.63000E+03, 5.75700E+03, 8.16000E+03, 7.99700E+03, 7.26600E+03, 7.36100E+03, 7.00600E+03, 7.70800E+03, 7.21000E+03, 8.28000E+03, 8.15700E+03, 8.58700E+03, 7.37900E+03, 6.09100E+03, 7.10300E+03, 7.53800E+03, 7.18200E+03, 7.40400E+03, 7.92500E+03, 8.90600E+03, 9.80000E+03, 9.42500E+03, 8.97200E+03, 9.15600E+03, 6.13400E+03, 6.39100E+03, 6.79100E+03, 8.21100E+03, 6.30100E+03, 5.52300E+03, 9.06200E+03, 9.92600E+03, 9.58700E+03, 1.00940E+04, 1.05000E+04, 9.33500E+03, 7.85400E+03, 7.43100E+03, 1.12400E+04, 8.11800E+03, 6.21000E+03, 5.64600E+03, 8.14600E+03, 8.54200E+03, 1.02180E+04, 9.40200E+03, 1.01430E+04, 9.36200E+03, 8.69500E+03, 9.18600E+03, 9.30500E+03, 9.66700E+03, 6.94300E+03, 6.12300E+03, 9.12600E+03, 9.15800E+03, 1.21320E+04, 1.28680E+04, 1.22990E+04, 1.12250E+04, 1.17230E+04, 9.20300E+03, 1.32400E+04, 1.04920E+04, 7.30800E+03, 8.54600E+03, 1.56350E+04, 1.27210E+04, 1.39200E+04, 1.56870E+04, 1.24570E+04, 1.12020E+04, 1.22380E+04, 9.47400E+03, 1.32750E+04, 1.08470E+04, 9.97500E+03, 8.23000E+03, 1.31430E+04, 1.16120E+04, 1.23910E+04, 1.23420E+04, 1.40640E+04, 1.43420E+04, 9.89600E+03, 1.12550E+04, 1.32130E+04, 9.92400E+03, 8.60200E+03, 9.82900E+03, 1.33030E+04, 1.25650E+04, 1.32510E+04, 1.13310E+04, 1.28220E+04, 1.26610E+04, 1.11090E+04, 1.05660E+04, 1.21260E+04, 1.07090E+04, 8.79000E+03, 9.10500E+03, 1.41680E+04, 1.33360E+04, 1.29240E+04, 1.24350E+04, 1.40760E+04, 1.22880E+04, 9.59100E+03, 1.14390E+04, 9.35800E+03, 1.37940E+04, 9.88100E+03, 8.75200E+03, 1.63510E+04, 1.41190E+04, 1.22950E+04, 1.37660E+04, 1.25100E+04, 1.21040E+04, 1.25480E+04, 1.37200E+04, 9.91600E+03, 1.02290E+04, 1.09780E+04, 8.93000E+03, 1.20500E+04, 1.13970E+04, 1.06450E+04, 1.53630E+04, 1.78290E+04, 1.43620E+04, 1.40480E+04, 1.21530E+04, 1.32000E+04, 1.30990E+04, 1.16900E+04, 1.40570E+04, 1.58950E+04, 1.46560E+04, 1.65130E+04, 1.57110E+04, 1.63810E+04, 1.55070E+04, 1.52680E+04, 1.26120E+04, 1.36090E+04, 1.42680E+04, 1.23040E+04, 1.34720E+04, 9.30200E+03, 7.45700E+03, 7.22400E+03, 9.27000E+03, 8.91300E+03, 9.66200E+03, 6.44800E+03, 6.98100E+03, 1.06720E+04, 9.11700E+03, 7.76600E+03, 7.26200E+03, 7.86300E+03, 9.53600E+03, 9.16800E+03, 9.63500E+03, 9.66000E+03, 9.60000E+03, 7.26200E+03, 7.81900E+03, 1.05890E+04, 9.92300E+03, 8.12000E+03, 7.14600E+03, 8.19400E+03, 8.53100E+03, 8.33900E+03, 1.05340E+04, 9.69600E+03, 8.04300E+03, 5.47900E+03, 5.37200E+03, 9.00300E+03, 7.65200E+03, 7.15800E+03, 5.70900E+03, 7.26300E+03, 8.06400E+03, 8.66700E+03, 1.05470E+04, 1.07740E+04, 8.26500E+03, 6.21700E+03, 6.67600E+03, 1.02640E+04, 9.07500E+03, 8.08500E+03, 6.58900E+03, 6.74800E+03, 7.73000E+03, 7.29000E+03, 6.51100E+03, 7.33700E+03, 5.99900E+03, 5.40700E+03, 5.31400E+03, 7.26700E+03, 6.89300E+03, 7.27600E+03, 5.16500E+03, 5.89700E+03, 7.53900E+03, 6.84600E+03, 7.96800E+03, 7.80300E+03, 6.39400E+03, 4.29400E+03, 6.73200E+03, 7.03500E+03, 7.26200E+03, 7.30300E+03, 5.99800E+03, 7.09700E+03, 6.96900E+03, 8.44000E+03, 6.56800E+03, 7.54300E+03, 7.00300E+03, 5.56800E+03, 6.61600E+03, 8.33700E+03, 8.51400E+03, 7.68900E+03, 5.75200E+03),