list(alpha=1.00000E+00, beta1=1.00000E+00, beta2=1.00000E+00)
